Decision Tree 

Overall accuracy: 0.6132434237376173
Producer's accuracy: [0.6255782  0.61489578 0.72161683 0.50242199 0.70304569 0.62727641
 0.71871203 0.72689123 0.70902323 0.0973375  0.75611736 0.4858139
 0.74753281]
User's accuracy: [0.55031343 0.68517207 0.83065928 0.47381281 0.54001642 0.41741472
 0.92162667 0.9361671  0.90930041 0.46094946 0.75071963 0.63939873
 0.37873626]
Confusion matrix:
array([[5004,   41,   32,  969,   73, 1003,  163,   28,   30,    4,   70,
         299,  283],
       [  40, 4838,   43,   22,   79,  207,   24,    0,   25,  178,   62,
           2, 2348],
       [  20,   65, 5695,   26, 1350,  356,    1,   18,   94,    2,  186,
          17,   62],
       [1316,   22,   46, 4460,   61,  635,   18,  181,    2,    0,   48,
        1680,  408],
       [ 223,   62,  311,   16, 5263, 1127,   28,    9,   52,   25,  273,
          31,   66],
       [ 295,  160,  253,  169,  599, 4650,   87,   23,   85,   65,  654,
          31,  342],
       [ 654,   38,   49,   97,  141,  911, 5915,   72,    3,   18,   46,
          57,  229],
       [ 294,   25,    9, 1295,   17,  426,   50, 6409,    0,    5,   35,
          97,  155],
       [   7,  244,  163,   13, 1031,  190,    1,    1, 5524,   12,  339,
          10,  256],
       [ 103,  837,   75,   57,  152,  347,   43,    2,   68,  903,  151,
          14, 6525],
       [  21,  182,   66,   41,  676,  402,   11,    9,  116,  121, 6520,
          20,  438],
       [1043,   28,   19, 2192,   43,  592,   26,   82,   12,    2,   43,
        4041,  195],
       [  73,  519,   95,   56,  261,  294,   51,   12,   64,  624,  258,
          21, 6893]], dtype=int64)
