Nearest Neighbors 

Overall accuracy: 0.9364634734537899
Producer's accuracy: [0.9936242  0.98462125 0.9808667  0.99335361 0.96780657 0.95737218
 0.96804374 0.96291256 0.95173919 0.90815997 0.91174765 0.90971387
 0.72009543]
User's accuracy: [0.95528846 0.94579416 0.90824827 0.96318951 0.96087533 0.9645284
 0.96254682 0.95910529 0.9330565  0.83989632 0.94837153 0.9574845
 0.89427609]
Confusion matrix:
array([[7948,    5,    6,    5,    6,    2,    1,    6,    2,    1,    3,
          11,    3],
       [  11, 7747,   42,    0,    5,    4,    3,    0,   20,   17,    6,
           3,   10],
       [   4,   21, 7741,    4,   26,    8,   10,    7,   44,    2,   12,
           8,    5],
       [   3,    0,    2, 8818,    2,    9,    1,   16,    5,    3,    8,
           7,    3],
       [  11,    7,  108,    4, 7245,   20,    6,    6,   40,    1,   20,
           9,    9],
       [  14,   11,   68,    8,   46, 7097,    5,   10,   62,   20,   30,
          14,   28],
       [  22,    7,   30,   15,   15,    8, 7967,   43,   20,   12,   13,
          45,   33],
       [  37,   15,   28,   33,   12,   15,   32, 8490,   27,   19,   23,
          56,   30],
       [  16,   19,  167,    6,   40,   18,   12,   10, 7415,    7,   48,
          20,   13],
       [  35,  149,   35,   39,   11,   20,   24,   24,   30, 8425,   39,
          19,  427],
       [  24,   25,  168,   27,   60,   50,   31,   36,  134,   44, 7862,
          32,  130],
       [  90,   21,   56,   80,   38,   28,  103,  119,   51,   32,   39,
        7567,   94],
       [ 105,  164,   72,  116,   34,   79,   82,   85,   97, 1448,  187,
         112, 6640]], dtype=int64)
